108287       
79815
59127
115454
57362        
108539       
105954       
62513        
72340        
70022        
108116
65325        
77214        
56862 
107345       
107371
70863        
100084       
88893        
85169
83676        
71707        
110049
98556        
107314       
81160        
107845
70087        
85164        
100067       
57014        
107357       
67322        
108114
98798        
57426        
80444        
63024
61221        
58563        
106363       
70173        
109021
77422        
57013        
108324       
87800        
116475
55341
58558        
61783        
100262       
98565        
76791        
71475        
57903        
113153
65277        
108618       
116660
96213
56334        
108697       
106573
108757
115650
116398
89603
89220        
116487
105221       
109062       
105971       
110502
110186
99490        
113290
110519
115460
90844
67543        
70188
80986        
116393
85851        
94295
108886
85059
85038        
65273        
110524
110514
82885        
71808        
66313        
102750
115609
83351
80102        
105959       
85601
97738        
115608
110521
58446        
99791
59651        
109214
108311
58590        
82008        
58562        
58945        
61743        
59677
58535        
79911
109721
79507        
107575
107292       
83037        
116615
107987       
117283
89601
81185        
70174        
56338
90141
39264
102759       
90845
109940
90836
85159        
72353        
112191
104402       
113160
80084
110534
109016
115648
77206        
58576        
108621       
106854       
107299       
71609        
113154
90848
65285
81882        
113288
82004        
107363
108924       
70328        
87626        
56351 
108976
110092
109832
98509
82108
60916
115462
79841
79835        
87038        
70005
108464
80160
72072        
118490
97756
56341        
79971
103234       
116399
107360       
89173
113932
82882        
90854        
103151
108300
106140       
61739
56320        
65556
100806
65644        
88428        
115646
113627
88385        
113307
110526
70308        
85566
109023
83052        
109526
65338
81188        
108459
90834
100083       
107362
81187        
108190
103242       
115459
116493
82243
79501        
58220        
66162        
110494
94296        
83679        
110681
89087
56317        
110525
79954        
67756        
98809        
107042       
81010        
64360        
85860        
91343        
114673
64174        
86368        
106119       
110137
90846
71601
109737
101594       
106675
106414
85085        
108279
70150
109906
71617        
106834       
83038        
88890        
111314
84517        
107583       
63791
109201       
109002
66039        
109748
84968        
70019        
110583
58575
99521        
61379
71468        
116659
115535
81645
69404        
86799
105204
71939        
116614
59083        
60978        
109014
116492
83357        
61753
98817        
115647
100302
80214        
116553
86792
107873
110769
90835
81644        
65570
67553        
57524
116558
59085        
110499
115461
106729
90906        
116446
116552
72160        
98783        
116633
70018
61982        
107321
105955       
90463        
100069
84948        
106661
85607
67551        
82873
106908
102756
101433
88617        
103175       
109986
58944        
108115
70175
58250
67560        
86793        
63889
114836
83166
109044       
115712
109729
70084        
105973       
109745
110260