111020
111020
111020
111020
111020
111020
111020
111020
111020
111020
127253
127253
127253
127253
127253
127253
127253
127253
127253
127253
119618
119618
119618
119618
119618
119618
119618
119618
119618
119618
119019
119019
119019
119019
119019
119019
119019
119019
119019
119019
129128
129128
129128
129128
129128
129128
129128
129128
129128
129128
119334
119334
119334
119334
119334
119334
119334
119334
119334
119334
119027
119027
119027
119027
119027
119027
119027
119027
119027
119027
117623
117623
117623
117623
117623
117623
117623
117623
117623
117623
121596
121596
121596
121596
121596
121596
121596
121596
121596
121596
123182
123182
123182
123182
123182
123182
123182
123182
123182
123182
111020
111020
111020
111020
111020
111020
111020
111020
111020
111020
127253
127253
127253
127253
127253
127253
127253
127253
127253
127253
119618
119618
119618
119618
119618
119618
119618
119618
119618
119618
119019
119019
119019
119019
119019
119019
119019
119019
119019
119019
129128
129128
129128
129128
129128
129128
129128
129128
129128
129128
119334
119334
119334
119334
119334
119334
119334
119334
119334
119334
119027
119027
119027
119027
119027
119027
119027
119027
119027
119027
117623
117623
117623
117623
117623
117623
117623
117623
117623
117623
121596
121596
121596
121596
121596
121596
121596
121596
121596
121596
123182
123182
123182
123182
123182
123182
123182
123182
123182
123182
111020
111020
111020
111020
111020
111020
111020
111020
111020
111020
127253
127253
127253
127253
127253
127253
127253
127253
127253
127253
119618
119618
119618
119618
119618
119618
119618
119618
119618
119618
119019
119019
119019
119019
119019
119019
119019
119019
119019
119019
129128
129128
129128
129128
129128
129128
129128
129128
129128
129128
119334
119334
119334
119334
119334
119334
119334
119334
119334
119334
119027
119027
119027
119027
119027
119027
119027
119027
119027
119027
117623
117623
117623
117623
117623
117623
117623
117623
117623
117623
121596
121596
121596
121596
121596
121596
121596
121596
121596
121596
123182
123182
123182
123182
123182
123182
123182
123182
123182
123182
111020
111020
111020
111020
111020
111020
111020
111020
111020
111020
127253
127253
127253
127253
127253
127253
127253
127253
127253
127253
119618
119618
119618
119618
119618
119618
119618
119618
119618
119618
119019
119019
119019
119019
119019
119019
119019
119019
119019
119019
129128
129128
129128
129128
129128
129128
129128
129128
129128
129128
119334
119334
119334
119334
119334
119334
119334
119334
119334
119334
119027
119027
119027
119027
119027
119027
119027
119027
119027
119027
117623
117623
117623
117623
117623
117623
117623
117623
117623
117623
121596
121596
121596
121596
121596
121596
121596
121596
121596
121596
123182
123182
123182
123182
123182
123182
123182
123182
123182
123182
111020
111020
111020
111020
111020
111020
111020
111020
111020
111020
127253
127253
127253
127253
127253
127253
127253
127253
127253
127253
119618
119618
119618
119618
119618
119618
119618
119618
119618
119618
119019
119019
119019
119019
119019
119019
119019
119019
119019
119019
129128
129128
129128
129128
129128
129128
129128
129128
129128
129128
119334
119334
119334
119334
119334
119334
119334
119334
119334
119334
119027
119027
119027
119027
119027
119027
119027
119027
119027
119027
117623
117623
117623
117623
117623
117623
117623
117623
117623
117623
121596
121596
121596
121596
121596
121596
121596
121596
121596
121596
119334
119334
119334
107392
107392
107392
107392
107392
117148
117148
117148
117148
117148
121069
121069
121069
121069
121069
121069
121069
121069
115114
115114
115114
115114
115114
115114
115114
115114
115114
115114
123098
123098
123098
123098
123098
108818
108818
108818
108818
108818
119121
119121
119121
119121
119121
115432
115432
115432
115432
115432
101000
101000
101000
101000
101000
109316
109316
109316
109316
109316
115612
115612
115612
115612
115612
119072
119072
119072
119072
119072
129344
129344
129344
129344
129344
125362 
125362 
125362
125362
125362
129344
129344
129344
129344
129344
119072
119072
119072
119072
119072
115487
115487
115487
115487
115487
115114
115114
115114
115114
115114
123098
123098
123098
123098
123098
108818
108818
108818
108818
108818
121099
121099
121099
121099
121099
101000
101000
101000
101000
101000
109316
109316
109316
109316
109316
115612
115612
115612
115612
115612
109377
109377
109377
109377
109377
107392
107392
107392
107392
107392
121087
121087
121087
121087
121087
125362
125362
125362
125362
125362
107113
107113
107113
107113
107113
123001
123001
123001
123001
123001
123458
123458
123458
123458
123458
115184
115184
115184
115184
115184
119435
119435
119435
119435
119435
125459
125459
125459
125459
125459
115516
115516
115516
115516
115516
115162
115162
115162
115162
115162
123007
123007
123007
123007
123007
125319
125319
125319
125319
125319
111020
111020
111020
111020
111020
127055
127055
127055
127055
127055
107014
107014
107014
107014
107014
125009
125009
125009
125009
125009
109378
109378
109378
109378
109378
119048
119048
119048
119048
119048
121500
121500
121500
121500
121500
121609
121609
121609
121609
121609
109316
109316
109316
109316
109316
129110
129110
129110
129110
129110
107014
107014
107014
107014
107014
129110
129110
129110
129110
129110
125222
125222
125222
125222
125222
121096
121096
121096
121096
121096
119334
119334
119334
119334
119334
127253
127253
127253
127253
127253
127015
127015
127015
127015
127015
117186
117186
117186
117186
117186
125130
125130
125130
125130
125130
119027
13007
13007
13007
13007
13007
119021
119021
119021
119021
119021
129347
129347
129347
129347
129347
119027
119027
119027
119027
105082
105082
105082
105082
105082
129128
129128
129128
129128
129128
123001
123001
123001
123001
123001
127015
127015
127015
127015
127015
109028
109028
109028
109028
109028
111396
111396
111396
111396
111396
109386
109386
109386
109386
109386
125047
125047
125047
125047
125047
127322
127322
127322
127322
127322
125565
125565
125565
125565
125565
125430
125430
125430
125430
125430
109012
109012
109012
109012
109012
121357
121357
121357
121357
121357
109012
109012
109012
109012
109012
109012
109012
129301
129301
129301
129301
129301
129301
129626
129626
129626
105118
105118
105118
105118
105118
105187
105187
105187
105187
105187
129338
129338
129338
129338
129338
107045
107045
107045
107045
107045
119017
119017
119017
119017
119017
125057
125057
125057
125057
125057
125080
125080
125080
125080
115533
115533
115533
115533
115533
115470
115470
115470
115470
129085
129085
129085
129085
129085
125310
125310
125310
125310
125310
115184
115184
115184
115184
115184
115054
115054
115054
115054
115054
109202
109202
109202
109202
109202
127083
127083
127083
127083
127083
115408
115408
115408
115408
115408
111555
111555
111555
111555
111555
119027
119027
119027
119027
119027
109451
109451
109451
109451
109451
125480
125480
125480
125480
125480
117216
117216
117216
117216
117216
109428
109428
109428
109428
109428
119034
119034
119034
119034
119034
125057
125057
125057
125057
125057
111524
111524
111524
111524
111524
127276
127276
127276
127276
127276
119027
119027
119027
119027
119027
127055
127055
127055
127055
127055
127055
109380
109380
109380
109380
109380
107553
107553
107553
107553
107553
119619
119619
119619
119619
119619
119620
119620
119620
119620
119620
127276
127276
127276
127276
127276
109382
109382
109382
109382
109382
109559
109559
109559
109559
109559
127521
127521
127521
127521
127521
109240
109240
109240
109240
109240
129327
129327
129327
129327
129327
129281
129281
129281
129281
129281
121170
121170
121170
121170
121170
109388
109388
109388
109388
109388
109548
109548
109548
109548
109548
111020
111020
111020
111020
111020
111020
111020
111020
111020
111020
127253
127253
127253
127253
127253
127253
127253
127253
127253
127253
119618
119618
119618
119618
119618
119618
119618
119618
119618
119618
119019
119019
119019
119019
119019
119019
119019
119019
119019
119019
129128
129128
129128
129128
129128
129128
129128
129128
129128
129128
119334
119334
119334
119334
119334
119334
119334
119334
119334
119334
119027
119027
119027
119027
119027
119027
119027
119027
119027
119027
117623
117623
117623
117623
117623
117623
117623
117623
117623
117623
121596
121596
121596
121596
121596
121596
121596
121596
121596
121596
123182
123182
123182
123182
123182
123182
123182
123182
123182
123182
111020
111020
111020
111020
111020
111020
111020
111020
111020
111020
127253
127253
127253
127253
127253
127253
127253
127253
127253
127253
119618
119618
119618
119618
119618
119618
119618
119618
119618
119618
119019
119019
119019
119019
119019
119019
119019
119019
119019
119019
129128
129128
129128
129128
129128
129128
129128
129128
129128
129128
119334
119334
119334
119334
119334
119334
119334
119334
119334
119334
119027
119027
119027
119027
119027
119027
119027
119027
119027
119027
117623
117623
117623
117623
117623
117623
117623
117623
117623
117623
121596
121596
121596
121596
121596
121596
121596
121596
121596
121596
123182
123182
123182
123182
123182
123182
123182
123182
123182
123182
111020
111020
111020
111020
111020
111020
111020
111020
111020
111020
127253
127253
127253
127253
127253
127253
127253
127253
127253
127253
119618
119618
119618
119618
119618
119618
119618
119618
119618
119618
119019
119019
119019
119019
119019
119019
119019
119019
119019
119019
129128
129128
129128
129128
129128
129128
129128
129128
129128
129128
119334
119334
119334
119334
119334
119334
119334
119334
119334
119334
119027
119027
119027
119027
119027
119027
119027
119027
119027
119027
117623
117623
117623
117623
117623
117623
117623
117623
117623
117623
121596
121596
121596
121596
121596
121596
121596
121596
121596
121596
123182
123182
123182
123182
123182
123182
123182
123182
123182
123182
111020
111020
111020
111020
111020
111020
111020
111020
111020
111020
127253
127253
127253
127253
127253
127253
127253
127253
127253
127253
119618
119618
119618
119618
119618
119618
119618
119618
119618
119618
119019
119019
119019
119019
119019
119019
119019
119019
119019
119019
129128
129128
129128
129128
129128
129128
129128
129128
129128
129128
119334
119334
119334
119334
119334
119334
119334
119334
119334
119334
119027
119027
119027
119027
119027
119027
119027
119027
119027
119027
117623
117623
117623
117623
117623
117623
117623
117623
117623
117623
121596
121596
121596
121596
121596
121596
121596
121596
121596
121596
123182
123182
123182
123182
123182
123182
123182
123182
123182
123182
111020
111020
111020
111020
111020
111020
111020
111020
111020
111020
127253
127253
127253
127253
127253
127253
127253
127253
127253
127253
119618
119618
119618
119618
119618
119618
119618
119618
119618
119618
119019
119019
119019
119019
119019
119019
119019
119019
119019
119019
129128
129128
129128
129128
129128
129128
129128
129128
129128
129128
119334
119334
119334
119334
119334
119334
119334
119334
119334
119334
119027
119027
119027
119027
119027
119027
119027
119027
119027
119027
117623
117623
117623
117623
117623
117623
117623
117623
117623
117623
121596
121596
121596
121596
121596
121596
121596
121596
121596
121596
119334
119334
119334
107392
107392
107392
107392
107392
117148
117148
117148
117148
117148
121069
121069
121069
121069
121069
121069
121069
121069
115114
115114
115114
115114
115114
115114
115114
115114
115114
115114
123098
123098
123098
123098
123098
108818
108818
108818
108818
108818
119121
119121
119121
119121
119121
115432
115432
115432
115432
115432
101000
101000
101000
101000
101000
109316
109316
109316
109316
109316
115612
115612
115612
115612
115612
119072
119072
119072
119072
119072
129344
129344
129344
129344
129344
125362 
125362 
125362
125362
125362
129344
129344
129344
129344
129344
119072
119072
119072
119072
119072
115487
115487
115487
115487
115487
115114
115114
115114
115114
115114
123098
123098
123098
123098
123098
108818
108818
108818
108818
108818
121099
121099
121099
121099
121099
101000
101000
101000
101000
101000
109316
109316
109316
109316
109316
115612
115612
115612
115612
115612
109377
109377
109377
109377
109377
107392
107392
107392
107392
107392
121087
121087
121087
121087
121087
125362
125362
125362
125362
125362
107113
107113
107113
107113
107113
123001
123001
123001
123001
123001
123458
123458
123458
123458
123458
115184
115184
115184
115184
115184
119435
119435
119435
119435
119435
125459
125459
125459
125459
125459
115516
115516
115516
115516
115516
115162
115162
115162
115162
115162
123007
123007
123007
123007
123007
125319
125319
125319
125319
125319
111020
111020
111020
111020
111020
127055
127055
127055
127055
127055
107014
107014
107014
107014
107014
125009
125009
125009
125009
125009
109378
109378
109378
109378
109378
119048
119048
119048
119048
119048
121500
121500
121500
121500
121500
121609
121609
121609
121609
121609
109316
109316
109316
109316
109316
129110
129110
129110
129110
129110
107014
107014
107014
107014
107014
129110
129110
129110
129110
129110
125222
125222
125222
125222
125222
121096
121096
121096
121096
121096
119334
119334
119334
119334
119334
127253
127253
127253
127253
127253
127015
127015
127015
127015
127015
117186
117186
117186
117186
117186
125130
125130
125130
125130
125130
119027
13007
13007
13007
13007
13007
119021
119021
119021
119021
119021
129347
129347
129347
129347
129347
119027
119027
119027
119027
105082
105082
105082
105082
105082
129128
129128
129128
129128
129128
123001
123001
123001
123001
123001
127015
127015
127015
127015
127015
109028
109028
109028
109028
109028
111396
111396
111396
111396
111396
109386
109386
109386
109386
109386
125047
125047
125047
125047
125047
127322
127322
127322
127322
127322
125565
125565
125565
125565
125565
125430
125430
125430
125430
125430
109012
109012
109012
109012
109012
121357
121357
121357
121357
121357
109012
109012
109012
109012
109012
109012
109012
129301
129301
129301
129301
129301
129301
129626
129626
129626
105118
105118
105118
105118
105118
105187
105187
105187
105187
105187
129338
129338
129338
129338
129338
107045
107045
107045
107045
107045
119017
119017
119017
119017
119017
125057
125057
125057
125057
125057
125080
125080
125080
125080
115533
115533
115533
115533
115533
115470
115470
115470
115470
129085
129085
129085
129085
129085
125310
125310
125310
125310
125310
115184
115184
115184
115184
115184
115054
115054
115054
115054
115054
109202
109202
109202
109202
109202
127083
127083
127083
127083
127083
115408
115408
115408
115408
115408
111555
111555
111555
111555
111555
119027
119027
119027
119027
119027
109451
109451
109451
109451
109451
125480
125480
125480
125480
125480
117216
117216
117216
117216
117216
109428
109428
109428
109428
109428
119034
119034
119034
119034
119034
125057
125057
125057
125057
125057
111524
111524
111524
111524
111524
127276
127276
127276
127276
127276
119027
119027
119027
119027
119027
127055
127055
127055
127055
127055
127055
109380
109380
109380
109380
109380
107553
107553
107553
107553
107553
119619
119619
119619
119619
119619
119620
119620
119620
119620
119620
127276
127276
127276
127276
127276
109382
109382
109382
109382
109382
109559
109559
109559
109559
109559
127521
127521
127521
127521
127521
109240
109240
109240
109240
109240
129327
129327
129327
129327
129327
129281
129281
129281
129281
129281
121170
121170
121170
121170
121170
109388
109388
109388
109388
109388
109548
109548
109548
109548
109548